Hacked vectorSet example to depict s_and/or_saveexec.
Please refer to test.s on the hacked ISA.

$ ./vectoradd_hip.exe 
 System minor 0
  System major 9
   agent prop name Radeon RX Vega
   hip Device prop succeeded 
   0 0 0
   1 100 101
   2 200 202
   3 300 303
   4 400 404
   5 500 505
   6 600 606
   7 700 707
   8 800 808
   9 900 909
   10 1000 1010
   11 1100 1111
   12 1200 1212
   13 1300 1313
   14 1400 1414
   15 1500 1515
   16 1600 1616
   17 1700 1717
   18 1800 1818
   19 1900 1919
   20 2000 2020
   21 2100 2121
   22 2200 2222
   23 2300 2323
   24 2400 2424
   25 2500 2525
   26 2600 2626
   27 2700 2727
   28 2800 2828
   29 2900 2929
   30 3000 3030
   31 3100 3131
   32 3200 32
   33 3300 33
   34 3400 34
   35 3500 35
   36 3600 36
   37 3700 37
   38 3800 38
   39 3900 39
   40 4000 40
   41 4100 41
   42 4200 42
   43 4300 43
   44 4400 44
   45 4500 45
   46 4600 46
   47 4700 47
   48 4800 48
   49 4900 49
   50 5000 50
   51 5100 51
   52 5200 52
   53 5300 53
   54 5400 54
   55 5500 55
   56 5600 56
   57 5700 57
   58 5800 58
   59 5900 59
   60 6000 60
   61 6100 61
   62 6200 62
   63 6300 63
